{
 "cells": [
  {
   "cell_type": "markdown",
   "metadata": {},
   "source": [
    "# Imports"
   ]
  },
  {
   "cell_type": "code",
   "execution_count": 3,
   "metadata": {},
   "outputs": [],
   "source": [
    "import pandas as pd\n",
    "import numpy as np\n",
    "import matplotlib.pyplot as plt\n",
    "from sklearn.decomposition import PCA\n",
    "from sklearn.preprocessing import StandardScaler\n",
    "%matplotlib notebook\n",
    "from mpl_toolkits.mplot3d import Axes3D  #para proyecciones en 3D\n",
    "import ipywidgets as widgets\n",
    "from IPython.display import display"
   ]
  },
  {
   "cell_type": "markdown",
   "metadata": {},
   "source": [
    "# Cargar DataFrame"
   ]
  },
  {
   "cell_type": "code",
   "execution_count": 4,
   "metadata": {},
   "outputs": [
    {
     "data": {
      "text/html": [
       "<div>\n",
       "<style scoped>\n",
       "    .dataframe tbody tr th:only-of-type {\n",
       "        vertical-align: middle;\n",
       "    }\n",
       "\n",
       "    .dataframe tbody tr th {\n",
       "        vertical-align: top;\n",
       "    }\n",
       "\n",
       "    .dataframe thead th {\n",
       "        text-align: right;\n",
       "    }\n",
       "</style>\n",
       "<table border=\"1\" class=\"dataframe\">\n",
       "  <thead>\n",
       "    <tr style=\"text-align: right;\">\n",
       "      <th></th>\n",
       "      <th>age</th>\n",
       "      <th>sex</th>\n",
       "      <th>cp</th>\n",
       "      <th>trestbps</th>\n",
       "      <th>chol</th>\n",
       "      <th>fbs</th>\n",
       "      <th>restecg</th>\n",
       "      <th>thalach</th>\n",
       "      <th>exang</th>\n",
       "      <th>oldpeak</th>\n",
       "      <th>slope</th>\n",
       "      <th>ca</th>\n",
       "      <th>thal</th>\n",
       "      <th>target</th>\n",
       "    </tr>\n",
       "  </thead>\n",
       "  <tbody>\n",
       "    <tr>\n",
       "      <td>0</td>\n",
       "      <td>63</td>\n",
       "      <td>1</td>\n",
       "      <td>3</td>\n",
       "      <td>145</td>\n",
       "      <td>233</td>\n",
       "      <td>1</td>\n",
       "      <td>0</td>\n",
       "      <td>150</td>\n",
       "      <td>0</td>\n",
       "      <td>2.3</td>\n",
       "      <td>0</td>\n",
       "      <td>0</td>\n",
       "      <td>1</td>\n",
       "      <td>1</td>\n",
       "    </tr>\n",
       "    <tr>\n",
       "      <td>1</td>\n",
       "      <td>37</td>\n",
       "      <td>1</td>\n",
       "      <td>2</td>\n",
       "      <td>130</td>\n",
       "      <td>250</td>\n",
       "      <td>0</td>\n",
       "      <td>1</td>\n",
       "      <td>187</td>\n",
       "      <td>0</td>\n",
       "      <td>3.5</td>\n",
       "      <td>0</td>\n",
       "      <td>0</td>\n",
       "      <td>2</td>\n",
       "      <td>1</td>\n",
       "    </tr>\n",
       "    <tr>\n",
       "      <td>2</td>\n",
       "      <td>41</td>\n",
       "      <td>0</td>\n",
       "      <td>1</td>\n",
       "      <td>130</td>\n",
       "      <td>204</td>\n",
       "      <td>0</td>\n",
       "      <td>0</td>\n",
       "      <td>172</td>\n",
       "      <td>0</td>\n",
       "      <td>1.4</td>\n",
       "      <td>2</td>\n",
       "      <td>0</td>\n",
       "      <td>2</td>\n",
       "      <td>1</td>\n",
       "    </tr>\n",
       "    <tr>\n",
       "      <td>3</td>\n",
       "      <td>56</td>\n",
       "      <td>1</td>\n",
       "      <td>1</td>\n",
       "      <td>120</td>\n",
       "      <td>236</td>\n",
       "      <td>0</td>\n",
       "      <td>1</td>\n",
       "      <td>178</td>\n",
       "      <td>0</td>\n",
       "      <td>0.8</td>\n",
       "      <td>2</td>\n",
       "      <td>0</td>\n",
       "      <td>2</td>\n",
       "      <td>1</td>\n",
       "    </tr>\n",
       "    <tr>\n",
       "      <td>4</td>\n",
       "      <td>57</td>\n",
       "      <td>0</td>\n",
       "      <td>0</td>\n",
       "      <td>120</td>\n",
       "      <td>354</td>\n",
       "      <td>0</td>\n",
       "      <td>1</td>\n",
       "      <td>163</td>\n",
       "      <td>1</td>\n",
       "      <td>0.6</td>\n",
       "      <td>2</td>\n",
       "      <td>0</td>\n",
       "      <td>2</td>\n",
       "      <td>1</td>\n",
       "    </tr>\n",
       "  </tbody>\n",
       "</table>\n",
       "</div>"
      ],
      "text/plain": [
       "   age  sex  cp  trestbps  chol  fbs  restecg  thalach  exang  oldpeak  slope  \\\n",
       "0   63    1   3       145   233    1        0      150      0      2.3      0   \n",
       "1   37    1   2       130   250    0        1      187      0      3.5      0   \n",
       "2   41    0   1       130   204    0        0      172      0      1.4      2   \n",
       "3   56    1   1       120   236    0        1      178      0      0.8      2   \n",
       "4   57    0   0       120   354    0        1      163      1      0.6      2   \n",
       "\n",
       "   ca  thal  target  \n",
       "0   0     1       1  \n",
       "1   0     2       1  \n",
       "2   0     2       1  \n",
       "3   0     2       1  \n",
       "4   0     2       1  "
      ]
     },
     "execution_count": 4,
     "metadata": {},
     "output_type": "execute_result"
    }
   ],
   "source": [
    "file = '../heart.csv'\n",
    "df = pd.read_csv(file)\n",
    "df.head()"
   ]
  },
  {
   "cell_type": "markdown",
   "metadata": {},
   "source": [
    "# Dividir dataset"
   ]
  },
  {
   "cell_type": "code",
   "execution_count": 6,
   "metadata": {},
   "outputs": [],
   "source": [
    "X = df.drop(\"target\", 1)\n",
    "y= df[\"target\"]\n",
    "data = ['age', 'sex', 'cp', 'trestbps', 'chol', 'fbs', 'restecg', 'thalach',\n",
    "       'exang', 'oldpeak', 'slope', 'ca', 'thal']\n",
    "X_centrado = X[data]-X[data].mean(axis=0)"
   ]
  },
  {
   "cell_type": "code",
   "execution_count": 7,
   "metadata": {},
   "outputs": [],
   "source": [
    "def varianza(var1, var2=None): #si recibe una variable calcula la varianza, si recibe 2 variables calcula la covarianza entre dichas variables\n",
    "    if var2 is None:\n",
    "        var2 = var1\n",
    "    assert var1.shape == var2.shape  #devuelve booleano, si es true continua, si es false para el programa y arroja un error\n",
    "    var1_mean = var1.mean()\n",
    "    var2_mean = var2.mean()\n",
    "    return np.sum((var1 - var1_mean) * (var2 - var2_mean)) / (var1.shape[0] - 1)"
   ]
  },
  {
   "cell_type": "code",
   "execution_count": 8,
   "metadata": {},
   "outputs": [
    {
     "data": {
      "text/plain": [
       "array([[ 8.24845584e+01, -4.16661203e-01, -6.43498787e-01,\n",
       "         4.44959019e+01,  1.00585076e+02,  3.92433283e-01,\n",
       "        -5.55012786e-01, -8.29033178e+01,  4.13022097e-01,\n",
       "         2.21458265e+00, -9.44790506e-01,  2.56635630e+00,\n",
       "         3.78139138e-01],\n",
       "       [-4.16661203e-01,  2.17166087e-01, -2.37361484e-02,\n",
       "        -4.63969576e-01, -4.78030949e+00,  7.47491968e-03,\n",
       "        -1.42613599e-02, -4.69870828e-01,  3.10143597e-02,\n",
       "         5.19933119e-02, -8.81909383e-03,  5.63569602e-02,\n",
       "         5.99304964e-02],\n",
       "       [-6.43498787e-01, -2.37361484e-02,  1.06513234e+00,\n",
       "         8.61713986e-01, -4.11377396e+00,  3.47190348e-02,\n",
       "         2.41077088e-02,  6.99161804e+00, -1.91167792e-01,\n",
       "        -1.78821061e-01,  7.61370839e-02, -1.91080366e-01,\n",
       "        -1.02200949e-01],\n",
       "       [ 4.44959019e+01, -4.63969576e-01,  8.61713986e-01,\n",
       "         3.07586453e+02,  1.11967215e+02,  1.10904203e+00,\n",
       "        -1.05232444e+00, -1.87591305e+01,  5.57111009e-01,\n",
       "         3.93448626e+00, -1.31283195e+00,  1.81837257e+00,\n",
       "         6.68021769e-01],\n",
       "       [ 1.00585076e+02, -4.78030949e+00, -4.11377396e+00,\n",
       "         1.11967215e+02,  2.68642675e+03,  2.45426529e-01,\n",
       "        -4.11670273e+00, -1.18004940e+01,  1.63199134e+00,\n",
       "         3.24679365e+00, -1.28964221e-01,  3.73725220e+00,\n",
       "         3.13548838e+00],\n",
       "       [ 3.92433283e-01,  7.47491968e-03,  3.47190348e-02,\n",
       "         1.10904203e+00,  2.45426529e-01,  1.26876926e-01,\n",
       "        -1.57694577e-02, -6.98970559e-02,  4.29480034e-03,\n",
       "         2.37689332e-03, -1.31466789e-02,  5.02589994e-02,\n",
       "        -6.98314865e-03],\n",
       "       [-5.55012786e-01, -1.42613599e-02,  2.41077088e-02,\n",
       "        -1.05232444e+00, -4.11670273e+00, -1.57694577e-02,\n",
       "         2.76528315e-01,  5.31462418e-01, -1.74742640e-02,\n",
       "        -3.58828929e-02,  3.01510283e-02, -3.87406290e-02,\n",
       "        -3.85767054e-03],\n",
       "       [-8.29033178e+01, -4.69870828e-01,  6.99161804e+00,\n",
       "        -1.87591305e+01, -1.18004940e+01, -6.98970559e-02,\n",
       "         5.31462418e-01,  5.24646406e+02, -4.07629008e+00,\n",
       "        -9.15351780e+00,  5.45936878e+00, -4.99323542e+00,\n",
       "        -1.35249055e+00],\n",
       "       [ 4.13022097e-01,  3.10143597e-02, -1.91167792e-01,\n",
       "         5.57111009e-01,  1.63199134e+00,  4.29480034e-03,\n",
       "        -1.74742640e-02, -4.07629008e+00,  2.20706839e-01,\n",
       "         1.57215920e-01, -7.46180578e-02,  5.56029113e-02,\n",
       "         5.94715101e-02],\n",
       "       [ 2.21458265e+00,  5.19933119e-02, -1.78821061e-01,\n",
       "         3.93448626e+00,  3.24679365e+00,  2.37689332e-03,\n",
       "        -3.58828929e-02, -9.15351780e+00,  1.57215920e-01,\n",
       "         1.34809521e+00, -4.13218805e-01,  2.64395777e-01,\n",
       "         1.49462330e-01],\n",
       "       [-9.44790506e-01, -8.81909383e-03,  7.61370839e-02,\n",
       "        -1.31283195e+00, -1.28964221e-01, -1.31466789e-02,\n",
       "         3.01510283e-02,  5.45936878e+00, -7.46180578e-02,\n",
       "        -4.13218805e-01,  3.79734662e-01, -5.05103490e-02,\n",
       "        -3.95274627e-02],\n",
       "       [ 2.56635630e+00,  5.63569602e-02, -1.91080366e-01,\n",
       "         1.81837257e+00,  3.73725220e+00,  5.02589994e-02,\n",
       "        -3.87406290e-02, -4.99323542e+00,  5.56029113e-02,\n",
       "         2.64395777e-01, -5.05103490e-02,  1.04572378e+00,\n",
       "         9.50648045e-02],\n",
       "       [ 3.78139138e-01,  5.99304964e-02, -1.02200949e-01,\n",
       "         6.68021769e-01,  3.13548838e+00, -6.98314865e-03,\n",
       "        -3.85767054e-03, -1.35249055e+00,  5.94715101e-02,\n",
       "         1.49462330e-01, -3.95274627e-02,  9.50648045e-02,\n",
       "         3.74882521e-01]])"
      ]
     },
     "execution_count": 8,
     "metadata": {},
     "output_type": "execute_result"
    }
   ],
   "source": [
    "import numpy as np\n",
    "cov_mat = np.cov(m=X_centrado.T)\n",
    "cov_mat"
   ]
  },
  {
   "cell_type": "code",
   "execution_count": 9,
   "metadata": {},
   "outputs": [
    {
     "name": "stdout",
     "output_type": "stream",
     "text": [
      "Vectores propios: \n",
      " [[ 3.94611190e-02  1.82186255e-01 -1.25504851e-01 -9.74045897e-01\n",
      "  -9.42717280e-03 -3.57395672e-03 -2.35709774e-02 -4.13752558e-03\n",
      "   3.39271415e-03 -1.17999192e-03 -3.69770418e-04  6.83160351e-03\n",
      "  -2.15313686e-04]\n",
      " [-1.78278639e-03  7.93727347e-04  1.06523049e-03  4.63454359e-03\n",
      "   7.83114718e-02  2.81628747e-02  4.56421467e-02 -3.05438663e-01\n",
      "   9.06424879e-02  2.18543751e-01  4.36806459e-01  7.73979050e-01\n",
      "  -2.27707877e-01]\n",
      " [-1.53716667e-03 -1.25419057e-02 -6.16323248e-03 -9.26243002e-03\n",
      "  -3.33646266e-01 -7.00831283e-01  5.97896304e-01 -1.27720409e-01\n",
      "   6.29721136e-02  2.68592119e-02 -1.32559224e-01  3.42705015e-02\n",
      "   2.53547739e-03]\n",
      " [ 4.75880705e-02  1.03810033e-01 -9.82278058e-01  1.48034489e-01\n",
      "  -9.78973319e-03  7.57948749e-03 -1.79648282e-03  2.21211941e-04\n",
      "   2.71386118e-03 -2.39693971e-03  2.12261010e-03  4.60794808e-04\n",
      "  -2.61311763e-04]\n",
      " [ 9.98053283e-01 -1.94250905e-02  5.08647357e-02  3.02510768e-02\n",
      "  -1.34405380e-03 -1.32801334e-03  1.06799220e-03  2.48702474e-04\n",
      "   2.43063575e-05 -7.02388590e-04  1.11670584e-03  1.85665336e-03\n",
      "   1.43642142e-05]\n",
      " [ 1.16389852e-04  4.61971663e-04 -3.66506652e-03 -3.43436410e-03\n",
      "  -1.46446341e-03  1.39101872e-03  6.83627937e-02  2.10382349e-02\n",
      "  -9.66142994e-01  1.09230976e-01 -1.05543128e-01  1.73169200e-01\n",
      "   9.14536602e-02]\n",
      " [-1.55243101e-03 -1.20213285e-03  2.70960599e-03  2.95854666e-03\n",
      "  -2.63069088e-02 -1.45792095e-02 -3.69325468e-03 -2.77378899e-02\n",
      "  -3.22022496e-02 -9.21570921e-01  3.44511354e-02  3.05140830e-01\n",
      "   2.31656336e-01]\n",
      " [-7.35838010e-03 -9.77188942e-01 -1.28926064e-01 -1.66483567e-01\n",
      "   2.40818777e-02  3.08851063e-03 -8.27775377e-03  1.29852482e-03\n",
      "   1.60318273e-03  1.70257558e-03 -3.33334366e-03  3.21391733e-03\n",
      "   4.72492374e-03]\n",
      " [ 6.31483108e-04  7.54817512e-03  2.85338412e-05  7.02397370e-03\n",
      "   1.11905513e-01  7.12719031e-02 -1.17416593e-01 -1.19448855e-01\n",
      "   1.70949896e-01  1.03763621e-01 -8.68102869e-01  3.98645562e-01\n",
      "   4.15264372e-02]\n",
      " [ 1.32988432e-03  1.79407185e-02 -9.21430005e-03  8.03485794e-04\n",
      "   7.82757942e-01 -5.02052821e-01 -1.15625931e-01  9.81977382e-02\n",
      "  -5.97321537e-02 -1.11899841e-01 -6.29274644e-03 -6.23613198e-02\n",
      "  -3.02974576e-01]\n",
      " [-9.99857233e-05 -1.04271838e-02  2.30213080e-03 -3.22289926e-03\n",
      "  -2.31634311e-01  2.10784222e-01  9.33295426e-02 -1.05935325e-01\n",
      "  -1.10157045e-01 -2.54295102e-01 -1.57708718e-01 -1.15442110e-01\n",
      "  -8.75704827e-01]\n",
      " [ 1.46773705e-03  1.01095919e-02 -4.19733045e-03 -2.23502870e-02\n",
      "   4.19084877e-01  4.51216352e-01  7.73870107e-01  1.00777974e-01\n",
      "   5.98724778e-02 -1.91336770e-02 -2.76096478e-02 -2.85875875e-02\n",
      "   7.47573520e-02]\n",
      " [ 1.18215354e-03  2.59241726e-03 -1.21740467e-03  8.66772541e-04\n",
      "   1.62995102e-01  5.08276358e-02 -1.94898350e-02 -9.18626414e-01\n",
      "  -6.94020941e-02 -4.42916816e-02 -2.90076202e-03 -3.15707865e-01\n",
      "   1.41866769e-01]]\n",
      "\n",
      "Valores propios: \n",
      " [2.69586528e+03 5.42264942e+02 3.05073066e+02 5.84779802e+01\n",
      " 1.38508932e+00 1.01418660e+00 8.25795710e-01 3.60017094e-01\n",
      " 1.13275430e-01 2.78450175e-01 1.47738670e-01 1.81365780e-01\n",
      " 2.11828958e-01]\n"
     ]
    }
   ],
   "source": [
    "val_propios, vec_propios = np.linalg.eig(cov_mat)\n",
    "print('Vectores propios: \\n', vec_propios)\n",
    "print('\\nValores propios: \\n', val_propios)"
   ]
  },
  {
   "cell_type": "code",
   "execution_count": 10,
   "metadata": {},
   "outputs": [
    {
     "name": "stdout",
     "output_type": "stream",
     "text": [
      "Vectores propios(ordenados): \n",
      " [[ 3.94611190e-02  1.82186255e-01 -1.25504851e-01 -9.74045897e-01\n",
      "  -9.42717280e-03 -3.57395672e-03 -2.35709774e-02 -4.13752558e-03\n",
      "   3.39271415e-03 -1.17999192e-03 -3.69770418e-04  6.83160351e-03\n",
      "  -2.15313686e-04]\n",
      " [-1.78278639e-03  7.93727347e-04  1.06523049e-03  4.63454359e-03\n",
      "   7.83114718e-02  2.81628747e-02  4.56421467e-02 -3.05438663e-01\n",
      "   9.06424879e-02  2.18543751e-01  4.36806459e-01  7.73979050e-01\n",
      "  -2.27707877e-01]\n",
      " [-1.53716667e-03 -1.25419057e-02 -6.16323248e-03 -9.26243002e-03\n",
      "  -3.33646266e-01 -7.00831283e-01  5.97896304e-01 -1.27720409e-01\n",
      "   6.29721136e-02  2.68592119e-02 -1.32559224e-01  3.42705015e-02\n",
      "   2.53547739e-03]\n",
      " [ 4.75880705e-02  1.03810033e-01 -9.82278058e-01  1.48034489e-01\n",
      "  -9.78973319e-03  7.57948749e-03 -1.79648282e-03  2.21211941e-04\n",
      "   2.71386118e-03 -2.39693971e-03  2.12261010e-03  4.60794808e-04\n",
      "  -2.61311763e-04]\n",
      " [ 9.98053283e-01 -1.94250905e-02  5.08647357e-02  3.02510768e-02\n",
      "  -1.34405380e-03 -1.32801334e-03  1.06799220e-03  2.48702474e-04\n",
      "   2.43063575e-05 -7.02388590e-04  1.11670584e-03  1.85665336e-03\n",
      "   1.43642142e-05]\n",
      " [ 1.16389852e-04  4.61971663e-04 -3.66506652e-03 -3.43436410e-03\n",
      "  -1.46446341e-03  1.39101872e-03  6.83627937e-02  2.10382349e-02\n",
      "  -9.66142994e-01  1.09230976e-01 -1.05543128e-01  1.73169200e-01\n",
      "   9.14536602e-02]\n",
      " [-1.55243101e-03 -1.20213285e-03  2.70960599e-03  2.95854666e-03\n",
      "  -2.63069088e-02 -1.45792095e-02 -3.69325468e-03 -2.77378899e-02\n",
      "  -3.22022496e-02 -9.21570921e-01  3.44511354e-02  3.05140830e-01\n",
      "   2.31656336e-01]\n",
      " [-7.35838010e-03 -9.77188942e-01 -1.28926064e-01 -1.66483567e-01\n",
      "   2.40818777e-02  3.08851063e-03 -8.27775377e-03  1.29852482e-03\n",
      "   1.60318273e-03  1.70257558e-03 -3.33334366e-03  3.21391733e-03\n",
      "   4.72492374e-03]\n",
      " [ 1.32988432e-03  1.79407185e-02 -9.21430005e-03  8.03485794e-04\n",
      "   7.82757942e-01 -5.02052821e-01 -1.15625931e-01  9.81977382e-02\n",
      "  -5.97321537e-02 -1.11899841e-01 -6.29274644e-03 -6.23613198e-02\n",
      "  -3.02974576e-01]\n",
      " [ 1.18215354e-03  2.59241726e-03 -1.21740467e-03  8.66772541e-04\n",
      "   1.62995102e-01  5.08276358e-02 -1.94898350e-02 -9.18626414e-01\n",
      "  -6.94020941e-02 -4.42916816e-02 -2.90076202e-03 -3.15707865e-01\n",
      "   1.41866769e-01]\n",
      " [ 1.46773705e-03  1.01095919e-02 -4.19733045e-03 -2.23502870e-02\n",
      "   4.19084877e-01  4.51216352e-01  7.73870107e-01  1.00777974e-01\n",
      "   5.98724778e-02 -1.91336770e-02 -2.76096478e-02 -2.85875875e-02\n",
      "   7.47573520e-02]\n",
      " [-9.99857233e-05 -1.04271838e-02  2.30213080e-03 -3.22289926e-03\n",
      "  -2.31634311e-01  2.10784222e-01  9.33295426e-02 -1.05935325e-01\n",
      "  -1.10157045e-01 -2.54295102e-01 -1.57708718e-01 -1.15442110e-01\n",
      "  -8.75704827e-01]\n",
      " [ 6.31483108e-04  7.54817512e-03  2.85338412e-05  7.02397370e-03\n",
      "   1.11905513e-01  7.12719031e-02 -1.17416593e-01 -1.19448855e-01\n",
      "   1.70949896e-01  1.03763621e-01 -8.68102869e-01  3.98645562e-01\n",
      "   4.15264372e-02]]\n",
      "\n",
      "Valores propios(ordenados): \n",
      " [2.69586528e+03 5.42264942e+02 3.05073066e+02 5.84779802e+01\n",
      " 1.38508932e+00 1.01418660e+00 8.25795710e-01 3.60017094e-01\n",
      " 2.78450175e-01 2.11828958e-01 1.81365780e-01 1.47738670e-01\n",
      " 1.13275430e-01]\n"
     ]
    }
   ],
   "source": [
    "orden_componentes = np.argsort(val_propios)[::-1]\n",
    "val_propios_ordenados = val_propios[orden_componentes]\n",
    "vec_propios_ordenados = vec_propios[orden_componentes]\n",
    "print('Vectores propios(ordenados): \\n', vec_propios_ordenados)\n",
    "print('\\nValores propios(ordenados): \\n', val_propios_ordenados)\n"
   ]
  },
  {
   "cell_type": "markdown",
   "metadata": {},
   "source": [
    "# PCA"
   ]
  },
  {
   "cell_type": "code",
   "execution_count": 11,
   "metadata": {},
   "outputs": [],
   "source": [
    "pca = PCA(n_components = 2)\n",
    "X_pca = pca.fit_transform(X_centrado)"
   ]
  },
  {
   "cell_type": "code",
   "execution_count": 12,
   "metadata": {},
   "outputs": [
    {
     "data": {
      "text/plain": [
       "array([[ 3.94611190e-02, -1.78278639e-03, -1.53716667e-03,\n",
       "         4.75880705e-02,  9.98053283e-01,  1.16389852e-04,\n",
       "        -1.55243101e-03, -7.35838010e-03,  6.31483108e-04,\n",
       "         1.32988432e-03, -9.99857233e-05,  1.46773705e-03,\n",
       "         1.18215354e-03],\n",
       "       [ 1.82186255e-01,  7.93727347e-04, -1.25419057e-02,\n",
       "         1.03810033e-01, -1.94250905e-02,  4.61971663e-04,\n",
       "        -1.20213285e-03, -9.77188942e-01,  7.54817512e-03,\n",
       "         1.79407185e-02, -1.04271838e-02,  1.01095919e-02,\n",
       "         2.59241726e-03]])"
      ]
     },
     "execution_count": 12,
     "metadata": {},
     "output_type": "execute_result"
    }
   ],
   "source": [
    "pca.components_"
   ]
  },
  {
   "cell_type": "code",
   "execution_count": 13,
   "metadata": {},
   "outputs": [
    {
     "data": {
      "text/plain": [
       "array([0.7475642 , 0.15037022])"
      ]
     },
     "execution_count": 13,
     "metadata": {},
     "output_type": "execute_result"
    }
   ],
   "source": [
    "pca.explained_variance_ratio_"
   ]
  },
  {
   "cell_type": "code",
   "execution_count": 14,
   "metadata": {},
   "outputs": [
    {
     "data": {
      "application/javascript": [
       "/* Put everything inside the global mpl namespace */\n",
       "window.mpl = {};\n",
       "\n",
       "\n",
       "mpl.get_websocket_type = function() {\n",
       "    if (typeof(WebSocket) !== 'undefined') {\n",
       "        return WebSocket;\n",
       "    } else if (typeof(MozWebSocket) !== 'undefined') {\n",
       "        return MozWebSocket;\n",
       "    } else {\n",
       "        alert('Your browser does not have WebSocket support. ' +\n",
       "              'Please try Chrome, Safari or Firefox ≥ 6. ' +\n",
       "              'Firefox 4 and 5 are also supported but you ' +\n",
       "              'have to enable WebSockets in about:config.');\n",
       "    };\n",
       "}\n",
       "\n",
       "mpl.figure = function(figure_id, websocket, ondownload, parent_element) {\n",
       "    this.id = figure_id;\n",
       "\n",
       "    this.ws = websocket;\n",
       "\n",
       "    this.supports_binary = (this.ws.binaryType != undefined);\n",
       "\n",
       "    if (!this.supports_binary) {\n",
       "        var warnings = document.getElementById(\"mpl-warnings\");\n",
       "        if (warnings) {\n",
       "            warnings.style.display = 'block';\n",
       "            warnings.textContent = (\n",
       "                \"This browser does not support binary websocket messages. \" +\n",
       "                    \"Performance may be slow.\");\n",
       "        }\n",
       "    }\n",
       "\n",
       "    this.imageObj = new Image();\n",
       "\n",
       "    this.context = undefined;\n",
       "    this.message = undefined;\n",
       "    this.canvas = undefined;\n",
       "    this.rubberband_canvas = undefined;\n",
       "    this.rubberband_context = undefined;\n",
       "    this.format_dropdown = undefined;\n",
       "\n",
       "    this.image_mode = 'full';\n",
       "\n",
       "    this.root = $('<div/>');\n",
       "    this._root_extra_style(this.root)\n",
       "    this.root.attr('style', 'display: inline-block');\n",
       "\n",
       "    $(parent_element).append(this.root);\n",
       "\n",
       "    this._init_header(this);\n",
       "    this._init_canvas(this);\n",
       "    this._init_toolbar(this);\n",
       "\n",
       "    var fig = this;\n",
       "\n",
       "    this.waiting = false;\n",
       "\n",
       "    this.ws.onopen =  function () {\n",
       "            fig.send_message(\"supports_binary\", {value: fig.supports_binary});\n",
       "            fig.send_message(\"send_image_mode\", {});\n",
       "            if (mpl.ratio != 1) {\n",
       "                fig.send_message(\"set_dpi_ratio\", {'dpi_ratio': mpl.ratio});\n",
       "            }\n",
       "            fig.send_message(\"refresh\", {});\n",
       "        }\n",
       "\n",
       "    this.imageObj.onload = function() {\n",
       "            if (fig.image_mode == 'full') {\n",
       "                // Full images could contain transparency (where diff images\n",
       "                // almost always do), so we need to clear the canvas so that\n",
       "                // there is no ghosting.\n",
       "                fig.context.clearRect(0, 0, fig.canvas.width, fig.canvas.height);\n",
       "            }\n",
       "            fig.context.drawImage(fig.imageObj, 0, 0);\n",
       "        };\n",
       "\n",
       "    this.imageObj.onunload = function() {\n",
       "        fig.ws.close();\n",
       "    }\n",
       "\n",
       "    this.ws.onmessage = this._make_on_message_function(this);\n",
       "\n",
       "    this.ondownload = ondownload;\n",
       "}\n",
       "\n",
       "mpl.figure.prototype._init_header = function() {\n",
       "    var titlebar = $(\n",
       "        '<div class=\"ui-dialog-titlebar ui-widget-header ui-corner-all ' +\n",
       "        'ui-helper-clearfix\"/>');\n",
       "    var titletext = $(\n",
       "        '<div class=\"ui-dialog-title\" style=\"width: 100%; ' +\n",
       "        'text-align: center; padding: 3px;\"/>');\n",
       "    titlebar.append(titletext)\n",
       "    this.root.append(titlebar);\n",
       "    this.header = titletext[0];\n",
       "}\n",
       "\n",
       "\n",
       "\n",
       "mpl.figure.prototype._canvas_extra_style = function(canvas_div) {\n",
       "\n",
       "}\n",
       "\n",
       "\n",
       "mpl.figure.prototype._root_extra_style = function(canvas_div) {\n",
       "\n",
       "}\n",
       "\n",
       "mpl.figure.prototype._init_canvas = function() {\n",
       "    var fig = this;\n",
       "\n",
       "    var canvas_div = $('<div/>');\n",
       "\n",
       "    canvas_div.attr('style', 'position: relative; clear: both; outline: 0');\n",
       "\n",
       "    function canvas_keyboard_event(event) {\n",
       "        return fig.key_event(event, event['data']);\n",
       "    }\n",
       "\n",
       "    canvas_div.keydown('key_press', canvas_keyboard_event);\n",
       "    canvas_div.keyup('key_release', canvas_keyboard_event);\n",
       "    this.canvas_div = canvas_div\n",
       "    this._canvas_extra_style(canvas_div)\n",
       "    this.root.append(canvas_div);\n",
       "\n",
       "    var canvas = $('<canvas/>');\n",
       "    canvas.addClass('mpl-canvas');\n",
       "    canvas.attr('style', \"left: 0; top: 0; z-index: 0; outline: 0\")\n",
       "\n",
       "    this.canvas = canvas[0];\n",
       "    this.context = canvas[0].getContext(\"2d\");\n",
       "\n",
       "    var backingStore = this.context.backingStorePixelRatio ||\n",
       "\tthis.context.webkitBackingStorePixelRatio ||\n",
       "\tthis.context.mozBackingStorePixelRatio ||\n",
       "\tthis.context.msBackingStorePixelRatio ||\n",
       "\tthis.context.oBackingStorePixelRatio ||\n",
       "\tthis.context.backingStorePixelRatio || 1;\n",
       "\n",
       "    mpl.ratio = (window.devicePixelRatio || 1) / backingStore;\n",
       "\n",
       "    var rubberband = $('<canvas/>');\n",
       "    rubberband.attr('style', \"position: absolute; left: 0; top: 0; z-index: 1;\")\n",
       "\n",
       "    var pass_mouse_events = true;\n",
       "\n",
       "    canvas_div.resizable({\n",
       "        start: function(event, ui) {\n",
       "            pass_mouse_events = false;\n",
       "        },\n",
       "        resize: function(event, ui) {\n",
       "            fig.request_resize(ui.size.width, ui.size.height);\n",
       "        },\n",
       "        stop: function(event, ui) {\n",
       "            pass_mouse_events = true;\n",
       "            fig.request_resize(ui.size.width, ui.size.height);\n",
       "        },\n",
       "    });\n",
       "\n",
       "    function mouse_event_fn(event) {\n",
       "        if (pass_mouse_events)\n",
       "            return fig.mouse_event(event, event['data']);\n",
       "    }\n",
       "\n",
       "    rubberband.mousedown('button_press', mouse_event_fn);\n",
       "    rubberband.mouseup('button_release', mouse_event_fn);\n",
       "    // Throttle sequential mouse events to 1 every 20ms.\n",
       "    rubberband.mousemove('motion_notify', mouse_event_fn);\n",
       "\n",
       "    rubberband.mouseenter('figure_enter', mouse_event_fn);\n",
       "    rubberband.mouseleave('figure_leave', mouse_event_fn);\n",
       "\n",
       "    canvas_div.on(\"wheel\", function (event) {\n",
       "        event = event.originalEvent;\n",
       "        event['data'] = 'scroll'\n",
       "        if (event.deltaY < 0) {\n",
       "            event.step = 1;\n",
       "        } else {\n",
       "            event.step = -1;\n",
       "        }\n",
       "        mouse_event_fn(event);\n",
       "    });\n",
       "\n",
       "    canvas_div.append(canvas);\n",
       "    canvas_div.append(rubberband);\n",
       "\n",
       "    this.rubberband = rubberband;\n",
       "    this.rubberband_canvas = rubberband[0];\n",
       "    this.rubberband_context = rubberband[0].getContext(\"2d\");\n",
       "    this.rubberband_context.strokeStyle = \"#000000\";\n",
       "\n",
       "    this._resize_canvas = function(width, height) {\n",
       "        // Keep the size of the canvas, canvas container, and rubber band\n",
       "        // canvas in synch.\n",
       "        canvas_div.css('width', width)\n",
       "        canvas_div.css('height', height)\n",
       "\n",
       "        canvas.attr('width', width * mpl.ratio);\n",
       "        canvas.attr('height', height * mpl.ratio);\n",
       "        canvas.attr('style', 'width: ' + width + 'px; height: ' + height + 'px;');\n",
       "\n",
       "        rubberband.attr('width', width);\n",
       "        rubberband.attr('height', height);\n",
       "    }\n",
       "\n",
       "    // Set the figure to an initial 600x600px, this will subsequently be updated\n",
       "    // upon first draw.\n",
       "    this._resize_canvas(600, 600);\n",
       "\n",
       "    // Disable right mouse context menu.\n",
       "    $(this.rubberband_canvas).bind(\"contextmenu\",function(e){\n",
       "        return false;\n",
       "    });\n",
       "\n",
       "    function set_focus () {\n",
       "        canvas.focus();\n",
       "        canvas_div.focus();\n",
       "    }\n",
       "\n",
       "    window.setTimeout(set_focus, 100);\n",
       "}\n",
       "\n",
       "mpl.figure.prototype._init_toolbar = function() {\n",
       "    var fig = this;\n",
       "\n",
       "    var nav_element = $('<div/>');\n",
       "    nav_element.attr('style', 'width: 100%');\n",
       "    this.root.append(nav_element);\n",
       "\n",
       "    // Define a callback function for later on.\n",
       "    function toolbar_event(event) {\n",
       "        return fig.toolbar_button_onclick(event['data']);\n",
       "    }\n",
       "    function toolbar_mouse_event(event) {\n",
       "        return fig.toolbar_button_onmouseover(event['data']);\n",
       "    }\n",
       "\n",
       "    for(var toolbar_ind in mpl.toolbar_items) {\n",
       "        var name = mpl.toolbar_items[toolbar_ind][0];\n",
       "        var tooltip = mpl.toolbar_items[toolbar_ind][1];\n",
       "        var image = mpl.toolbar_items[toolbar_ind][2];\n",
       "        var method_name = mpl.toolbar_items[toolbar_ind][3];\n",
       "\n",
       "        if (!name) {\n",
       "            // put a spacer in here.\n",
       "            continue;\n",
       "        }\n",
       "        var button = $('<button/>');\n",
       "        button.addClass('ui-button ui-widget ui-state-default ui-corner-all ' +\n",
       "                        'ui-button-icon-only');\n",
       "        button.attr('role', 'button');\n",
       "        button.attr('aria-disabled', 'false');\n",
       "        button.click(method_name, toolbar_event);\n",
       "        button.mouseover(tooltip, toolbar_mouse_event);\n",
       "\n",
       "        var icon_img = $('<span/>');\n",
       "        icon_img.addClass('ui-button-icon-primary ui-icon');\n",
       "        icon_img.addClass(image);\n",
       "        icon_img.addClass('ui-corner-all');\n",
       "\n",
       "        var tooltip_span = $('<span/>');\n",
       "        tooltip_span.addClass('ui-button-text');\n",
       "        tooltip_span.html(tooltip);\n",
       "\n",
       "        button.append(icon_img);\n",
       "        button.append(tooltip_span);\n",
       "\n",
       "        nav_element.append(button);\n",
       "    }\n",
       "\n",
       "    var fmt_picker_span = $('<span/>');\n",
       "\n",
       "    var fmt_picker = $('<select/>');\n",
       "    fmt_picker.addClass('mpl-toolbar-option ui-widget ui-widget-content');\n",
       "    fmt_picker_span.append(fmt_picker);\n",
       "    nav_element.append(fmt_picker_span);\n",
       "    this.format_dropdown = fmt_picker[0];\n",
       "\n",
       "    for (var ind in mpl.extensions) {\n",
       "        var fmt = mpl.extensions[ind];\n",
       "        var option = $(\n",
       "            '<option/>', {selected: fmt === mpl.default_extension}).html(fmt);\n",
       "        fmt_picker.append(option);\n",
       "    }\n",
       "\n",
       "    // Add hover states to the ui-buttons\n",
       "    $( \".ui-button\" ).hover(\n",
       "        function() { $(this).addClass(\"ui-state-hover\");},\n",
       "        function() { $(this).removeClass(\"ui-state-hover\");}\n",
       "    );\n",
       "\n",
       "    var status_bar = $('<span class=\"mpl-message\"/>');\n",
       "    nav_element.append(status_bar);\n",
       "    this.message = status_bar[0];\n",
       "}\n",
       "\n",
       "mpl.figure.prototype.request_resize = function(x_pixels, y_pixels) {\n",
       "    // Request matplotlib to resize the figure. Matplotlib will then trigger a resize in the client,\n",
       "    // which will in turn request a refresh of the image.\n",
       "    this.send_message('resize', {'width': x_pixels, 'height': y_pixels});\n",
       "}\n",
       "\n",
       "mpl.figure.prototype.send_message = function(type, properties) {\n",
       "    properties['type'] = type;\n",
       "    properties['figure_id'] = this.id;\n",
       "    this.ws.send(JSON.stringify(properties));\n",
       "}\n",
       "\n",
       "mpl.figure.prototype.send_draw_message = function() {\n",
       "    if (!this.waiting) {\n",
       "        this.waiting = true;\n",
       "        this.ws.send(JSON.stringify({type: \"draw\", figure_id: this.id}));\n",
       "    }\n",
       "}\n",
       "\n",
       "\n",
       "mpl.figure.prototype.handle_save = function(fig, msg) {\n",
       "    var format_dropdown = fig.format_dropdown;\n",
       "    var format = format_dropdown.options[format_dropdown.selectedIndex].value;\n",
       "    fig.ondownload(fig, format);\n",
       "}\n",
       "\n",
       "\n",
       "mpl.figure.prototype.handle_resize = function(fig, msg) {\n",
       "    var size = msg['size'];\n",
       "    if (size[0] != fig.canvas.width || size[1] != fig.canvas.height) {\n",
       "        fig._resize_canvas(size[0], size[1]);\n",
       "        fig.send_message(\"refresh\", {});\n",
       "    };\n",
       "}\n",
       "\n",
       "mpl.figure.prototype.handle_rubberband = function(fig, msg) {\n",
       "    var x0 = msg['x0'] / mpl.ratio;\n",
       "    var y0 = (fig.canvas.height - msg['y0']) / mpl.ratio;\n",
       "    var x1 = msg['x1'] / mpl.ratio;\n",
       "    var y1 = (fig.canvas.height - msg['y1']) / mpl.ratio;\n",
       "    x0 = Math.floor(x0) + 0.5;\n",
       "    y0 = Math.floor(y0) + 0.5;\n",
       "    x1 = Math.floor(x1) + 0.5;\n",
       "    y1 = Math.floor(y1) + 0.5;\n",
       "    var min_x = Math.min(x0, x1);\n",
       "    var min_y = Math.min(y0, y1);\n",
       "    var width = Math.abs(x1 - x0);\n",
       "    var height = Math.abs(y1 - y0);\n",
       "\n",
       "    fig.rubberband_context.clearRect(\n",
       "        0, 0, fig.canvas.width / mpl.ratio, fig.canvas.height / mpl.ratio);\n",
       "\n",
       "    fig.rubberband_context.strokeRect(min_x, min_y, width, height);\n",
       "}\n",
       "\n",
       "mpl.figure.prototype.handle_figure_label = function(fig, msg) {\n",
       "    // Updates the figure title.\n",
       "    fig.header.textContent = msg['label'];\n",
       "}\n",
       "\n",
       "mpl.figure.prototype.handle_cursor = function(fig, msg) {\n",
       "    var cursor = msg['cursor'];\n",
       "    switch(cursor)\n",
       "    {\n",
       "    case 0:\n",
       "        cursor = 'pointer';\n",
       "        break;\n",
       "    case 1:\n",
       "        cursor = 'default';\n",
       "        break;\n",
       "    case 2:\n",
       "        cursor = 'crosshair';\n",
       "        break;\n",
       "    case 3:\n",
       "        cursor = 'move';\n",
       "        break;\n",
       "    }\n",
       "    fig.rubberband_canvas.style.cursor = cursor;\n",
       "}\n",
       "\n",
       "mpl.figure.prototype.handle_message = function(fig, msg) {\n",
       "    fig.message.textContent = msg['message'];\n",
       "}\n",
       "\n",
       "mpl.figure.prototype.handle_draw = function(fig, msg) {\n",
       "    // Request the server to send over a new figure.\n",
       "    fig.send_draw_message();\n",
       "}\n",
       "\n",
       "mpl.figure.prototype.handle_image_mode = function(fig, msg) {\n",
       "    fig.image_mode = msg['mode'];\n",
       "}\n",
       "\n",
       "mpl.figure.prototype.updated_canvas_event = function() {\n",
       "    // Called whenever the canvas gets updated.\n",
       "    this.send_message(\"ack\", {});\n",
       "}\n",
       "\n",
       "// A function to construct a web socket function for onmessage handling.\n",
       "// Called in the figure constructor.\n",
       "mpl.figure.prototype._make_on_message_function = function(fig) {\n",
       "    return function socket_on_message(evt) {\n",
       "        if (evt.data instanceof Blob) {\n",
       "            /* FIXME: We get \"Resource interpreted as Image but\n",
       "             * transferred with MIME type text/plain:\" errors on\n",
       "             * Chrome.  But how to set the MIME type?  It doesn't seem\n",
       "             * to be part of the websocket stream */\n",
       "            evt.data.type = \"image/png\";\n",
       "\n",
       "            /* Free the memory for the previous frames */\n",
       "            if (fig.imageObj.src) {\n",
       "                (window.URL || window.webkitURL).revokeObjectURL(\n",
       "                    fig.imageObj.src);\n",
       "            }\n",
       "\n",
       "            fig.imageObj.src = (window.URL || window.webkitURL).createObjectURL(\n",
       "                evt.data);\n",
       "            fig.updated_canvas_event();\n",
       "            fig.waiting = false;\n",
       "            return;\n",
       "        }\n",
       "        else if (typeof evt.data === 'string' && evt.data.slice(0, 21) == \"data:image/png;base64\") {\n",
       "            fig.imageObj.src = evt.data;\n",
       "            fig.updated_canvas_event();\n",
       "            fig.waiting = false;\n",
       "            return;\n",
       "        }\n",
       "\n",
       "        var msg = JSON.parse(evt.data);\n",
       "        var msg_type = msg['type'];\n",
       "\n",
       "        // Call the  \"handle_{type}\" callback, which takes\n",
       "        // the figure and JSON message as its only arguments.\n",
       "        try {\n",
       "            var callback = fig[\"handle_\" + msg_type];\n",
       "        } catch (e) {\n",
